0
1
4
9
49
100
144
400
441
900
1444
4900
9409
10000
10404
11449
14400
19044
40000
40401
44100
44944
90000
144400
419904
490000
491401
904401
940900
994009
1000000
1004004
1014049
1040400
1100401
1144900
1440000
1904400
1940449
4000000
4004001
4040100
4410000
4494400
9000000
9909904
9941409
11909401
14010049
14040009
14440000
19909444
40411449
41990400
49000000
49014001
49140100
49999041
90440100
94090000
94109401
99400900
99940009
100000000
100040004
100140049
100400400
101404900
101949409
104040000
104919049
110040100
111049444
114041041
114490000
144000000
190440000
194044900
400000000
400040001
400400100
404010000
404090404
409941009
414000409
414041104
441000000
449440000
490091044
900000000
990990400
991494144
994140900
1190940100
1401004900
1404000900
1409101444
1444000000
1449401041
1490114404
1990944400
4014109449
4019940409
4041144900
4199040000
4900000000
4900140001
4901400100
4914010000
4914991449
4941949401
4999904100
9044010000
9409000000
9409194001
9410940100
9900449001
9940090000
9994000900
9999400009
10000000000
10000400004
10001400049
10004000400
10014004900
10019409409
10040040000
10100049001
10110101401
10140490000
10191104401
10194940900
10404000000
10491904900
10910011401
10949111044
10994990449
11004010000
11104944400
11191100944
11404104100
11449000000
14099900049
14400000000
14910119449
19044000000
19404490000
19490114449
40000000000
40000400001
40004000100
40040010000
40401000000
40409040400
40994100900
41011110144
41110401049
41400040900
41404110400
41409401049
44011004944
44100000000
44944000000
49009104400
49440411904
90000000000
90900441009
90901044004
94094949001
99099040000
99149414400
99414090000
100940914944
104199194401
104909914404
119094010000
119404111401
140100490000
140400090000
140910144400
140919904449
140999499001
141001001001
141111419904
144019491001
144400000000
144940104100
149001404049
149011440400
149991994944
199094440000
199944911104
401410944900
401994040900
404114490000
409911099049
414441100441
419904000000
490000000000
490001400001
490014000100
490140010000
491401000000
491499144900
494014991044
494194940100
499494149001
499990410000
904111919104
904401000000
940900000000
940901940001
940919400100
941094010000
941911011441
941944009444
944090119449
990044900100
994009000000
994010994001
999400090000
999940000900
999994000009
1000000000000
1000004000004
1000014000049
1000040000400
1000140004900
1000194009409
1000400040000
1001400490000
1001940940900
1001994994009
1004004000000
1004499049009
1010004900100
1011010140100
1014049000000
1014191999041
1019110440100
1019494090000
1040400000000
1041010049401
1041110041104
1049090111001
1049190490000
1091001140100
1094141104144
1094911104400
1099499044900
1100401000000
1110494440000
1119110094400
1119444409444
1140410410000
1140940149904
1144900000000
1144944940441
1194109119009
1409914010404
1409990004900
1440000000000
1491011944900
1491090094404
1494144411904
1904400000000
1911109940041
1940449000000
1949011444900
4000000000000
4000004000001
4000040000100
4000400010000
4004001000000
4004009004004
4011400111104
4014441010449
4040100000000
4040904040000
4099410090000
4101111014400
4111040104900
4140004090000
4140411040000
4140940104900
4401100494400
4410000000000
4410449411449
4490110144144
4494400000000
4900910440000
4944041190400
9000000000000
9090044100900
9090104400400
9149094414009
9409494900100
9449494444009
9491014401001
9909904000000
9914941440000
9941409000000
10094091494400
10114009144009
10141919191044
10190440909009
10191404990404
10411909109001
10419919440100
10490991440400
10494114049444
11004194004049
11199109101049
11909401000000
11940411140100
14010049000000
14040009000000
14091014440000
14091990444900
14099949900100
14100100100100
14111141990400
14401949100100
14440000000000
14494010410000
14900140404900
14901144040000
14991199191409
14999199494400
19144991499001
19909444000000
19994491110400
40141094490000
40199404090000
40411449000000
40944910190041
40991109904900
41041410011449
41444110044100
41990400000000
44909941414144
49000000000000
49000014000001
49000140000100
49001400010000
49014001000000
49014099014049
49041994994001
49140100000000
49149914490000
49401499104400
49419494010000
49949414900100
49999041000000
90411191910400
90440100000000
90441944949409
90940044990001
90941914104409
94090000000000
94090019400001
94090194000100
94091940010000
94109401000000
94119044041009
94191101144100
94194400944400
94409011944900
99004490010000
99099994190404
99400900000000
99400919940001
99401099400100
99900044990001
99940009000000
99994000090000
99999400000900
99999940000009
100000000000000
100000040000004
100000140000049
100000400000400
100001400004900
100001940009409
100004000040000
100014000490000
100019400940900
100019940994009
100040004000000
100100004990001
100140049000000
100194094090000
100194114109401
100199499400900
100400400000000
100449904900900
101000490010000
101041940049444
101101014010000
101149041914944
101404900000000
101419199904100
101901999001104
101911044010000
101914011991009
101919140441001
101949409000000
104040000000000
104044100440401
104101004940100
104111004110400
104909011100100
104919049000000
109100114010000
109414110414400
109491110440000
109949904490000
110040100000000
111049001404441
111049444000000
111444949449001
111911009440000
111944440944400
111994449404049
114041041000000
114094014990400
114490000000000
114490449400441
114494494044100
119009400994449
119410911900900
140991401040400
140999000490000
141910944119044
144000000000000
144900491401444
149101194490000
149104149494041
149109009440400
149414001144004
149414441190400
149940049490001
190110901901041
190440000000000
191110994004100
194014199494404
194044900000000
194901144490000
400000000000000
400000040000001
400000400000100
400004000010000
400040001000000
400400100000000
400400900400400
401000144400144
401140011110400
401444101044900
404010000000000
404014100410404
404090404000000
404901001111104
409901001904144
409941009000000
409941049494001
410111101440000
411009004049449
411104010490000
414000409000000
414041104000000
414094010490000
419041411191001
419190900119104
440110049440000
441000000000000
441004494011449
441044941144900
444999910990441
449011014414400
449440000000000
490091044000000
490400094910441
494404119040000
499404141411904
900000000000000
900900044910009
900900104940004
901494499910404
901499904400144
904144941414009
909004410090000
909010440040000
909414914441049
910944190149904
914909441400900
940499911040041
940949490010000
944109014491449
944949444400900
949101440100100
990990400000000
991494144000000
991941449990404
994140900000000
994499049991041
1001199014109441
1009409149440000
1011400914400900
1014191919104400
1019044090900900
1019140499040400
1040940014014404
1041190910900100
1041991944010000
1049099144040000
1049411404944400
1091490414194944
1100100104411049
1100419400404900
1101114010909444
1101909419190441
1109194449494041
1110049009490404
1119910910104900
1141111911001104
1190940100000000
1194041114010000
1400911101990009
1401004900000000
1404000900000000
1404011991141904
1409101444000000
1409199044490000
1409994990010000
1410010010010000
1411114199040000
1440194910010000
1444000000000000
1449199119449104
1449401041000000
1490014040490000
1490114404000000
1499119919140900
1499919949440000
1914499149900100
1944400949911044
1990141499444004
1990944400000000
1991949101400049
1994019994111401
1999109111114404
1999449111040000
4014109449000000
4019940409000000
4040909440149904
4041144900000000
4094491019004100
4099110990490000
4104141001144900
4140401410094401
4144411004410000
4190491144404009
4199040000000000
4490994141414400
4900000000000000
4900000140000001
4900001400000100
4900014000010000
4900140001000000
4901400100000000
4901409901404900
4904199499400100
4909044109414041
4911101140404001
4914010000000000
4914991449000000
4940149910440000
4941949401000000
4991441999419044
4994941490010000
4999904100000000
9001041911140041
9009019910044449
9010901999944441
9041119191040000
9044010000000000
9044104910049001
9044194494940900
9049909444144144
9094004499000100
9094191410440900
9104949109900449
9141411499911441
9191919941999001
9404001090144441
9409000000000000
9409000194000001
9409001940000100
9409019400010000
9409194001000000
9410940100000000
9411904404100900
9419110114410000
9419440094440000
9440901194490000
9900449001000000
9909999419040400
9911090904109444
9940090000000000
9940090199400001
9940091994000100
9940109940010000
9944009194440409
9990004499000100
9994000900000000
9994001099940001
9999400009000000
9999940000090000
9999994000000900
9999999400000009
10000000000000000
10000000400000004
10000001400000049
10000004000000400
10000014000004900
10000019400009409
10000040000040000
10000140000490000
10000194000940900
10000199400994009
10000400004000000
10001400049000000
10001940094090000
10001994099400900
10001999499940009
10004000400000000
10010000499000100
10014004900000000
10019409409000000
10019411410940100
10019910100449001
10019949940090000
10040040000000000
10040441004404001
10044910110041401
10044990490090000
10100049001000000
10100109099491401
10104194004944400
10110101401000000
10114904191494400
10140490000000000
10141919990410000
10190199900110400
10191104401000000
10191401199100900
10191914044100100
10194940900000000
10194941101940001
10404000000000000
10404041004040401
10404194004904401
10404410044040100
10409049000414009
10410100494010000
10411100411040000
10414090449401401
10490901110010000
10491904900000000
10910011401000000
10919104919019441
10941411041440000
10949111044000000
10994990449000000
10999919490011001
11004010000000000
11010410040111001
11011090419990049
11019100419441409
11041100904149449
11041949099101041
11104900140444100
11104944400000000
11114904409999009
11144494944900100
11144919119111001
11191040010194944
11191100944000000
11194444094440000
11199110104919104
11199444940404900
11401190414191449
11404104100000000
11409401499040000
11449000000000000
11449004494000441
11449044940044100
11449449404410000
11900104910110404
11900940099444900
11941091190090000
11944199400409441
14099140104040000
14099900049000000
14191094411904400
14194900040091904
14194911001190404
14400000000000000
14409404494994041
14444410909119409
14490049140144400
14909044194144409
14910119449000000
14910414949404100
14910900944040000
14941400114400400
14941444119040000
14994004949000100
19011090190104100
19044000000000000
19049104409991049
19100111499141409
19111099400410000
19140011110910041
19401419949440400
19404490000000000
19409991904144009
19414900449119044
19490114449000000
40000000000000000
40000000400000001
40000004000000100
40000040000010000
40000400001000000
40004000100000000
40004000900040004
40014140049410409
40040010000000000
40040090040040000
40040411001404004
40100014440014400
40114001111040000
40144410104490000
40191914444140944
40401000000000000
40401041004010404
40401410041040400
40409040400000000
40409099901941904
40449400011011044
40490100111110400
40490940014090449
40494119409491049
40990100190414400
40994100900000000
40994104949400100
41010400140001009
41011110144000000
41014490949000409
41091149904049441
41100900404944900
41110401049000000
41400040900000000
41404110400000000
41409401049000000
41904141119100100
41919090011910400
44011004944000000
44049404100491001
44049404940009001
44099414941940449
44100000000000000
44100044940011449
44100449401144900
44104494114490000
44491000011494404
44499991099044100
44901101441440000
44940909941114944
44944000000000000
49009104400000000
49040009491044100
49041994144141441
49440411904000000
49940414141190400
90000000000000000
90090004491000900
90090010494000400
90111011410941444
90114994909410409
90149449991040400
90149990440014400
90401100099411049
90414494141400900
90444401440419049
90900441009000000
90901044004000000
90911114919119401
90941491444104900
91040419010444401
91094419014990400
91444401019449009
91490944140090000
91909009949040144
91919114109449104
91990144490110441
94000941041041441
94014911901094144
94049991104004100
94094949001000000
94410901449144900
94444444090149904
94494944440090000
94910144010010000
99000419449909041
99099040000000000
99149414400000000
99194144999040400
99414090000000000
99449904999104100
100004441141404944
100119901410944100
100490999011941409
100940914944000000
101140091440090000
101419191910440000
101904409090090000
101914049904040000
104094001401440400
104119091090010000
104199194401000000
104909914404000000
104941140494440000
104941919910444409
109041944904140004
109149041419494400
110010010441104900
110041940040490000
110111401090944400
110144094119011044
110190941919044100
110919444949404100
110991419140140009
111004900949040400
111101990409401104
111191001911109904
111991091010490000
114111191100110400
114419991994419049
114441141001999009
114449909009109444
119010019191410944
119041490191114404
119091940099194001
119094010000000000
119404040909014404
119404111401000000
119404941411140401
119441949940440009
119990041944140944
140091110199000900
140100490000000000
140400090000000000
140401011014110441
140401199114190400
140910144400000000
140919904449000000
140999499001000000
141000099049040401
141001001001000000
141111419904000000
141114911949411904
144019491001000000
144400000000000000
144919911944910400
144940104100000000
149001404049000000
149011440400000000
149104094194040049
149190011904010441
149490119199109441
149911991914090000
149991994944000000
190101099490199104
190944444011441409
190994904490411044
191014011904044004
191194910994110409
191449914990010000
194141119104441441
194149949119001001
194440094991104400
194490904104090441
199014149944400400
199094440000000000
199194910140004900
199401999411140100
199499144494999441
199910911111440400
199944911104000000
400414414944191041
400449444049941001
400949900490190401
401049900090990049
401410944900000000
401994040900000000
404090944014990400
404114490000000000
404491411909010449
404901040001449104
409094999910990409
409449101900410000
409911099049000000
410009444991400401
410400119000044944
410414100114490000
410944114001494441
411909149999014144
411990009401941441
414040141009440100
414441100441000000
414491440999149409
414949190101919001
419049114440400900
419400009911444004
419419944910190449
419904000000000000
441094940900444944
441999119041400449
444949004009110441
449099414141440000
449190441044090944
490000000000000000
490000001400000001
490000014000000100
490000140000010000
490001400001000000
490014000100000000
490014009900140049
490041999499940001
490140010000000000
490140990140490000
490419949940010000
490904410941404100
491110114040400100
491149091490449401
491401000000000000
491499144900000000
494014991044000000
494194940100000000
499144199941904400
499199194111009401
499494149001000000
499499940119091409
499990410000000000
900094440009091041
900100001490944004
900104191114004100
900901991004444900
901090199994444100
904111919104000000
904401000000000000
904401194004010404
904410491004900100
904414449091999041
904419449494090000
904990944414414400
909400449900010000
909419141044090000
910494910990044900
914141149991144100
919191994199900100
940400109014444100
940900000000000000
940900001940000001
940900019400000100
940900194000010000
940901940001000000
940919400100000000
940991449941991044
940999140491414404
941094010000000000
941190440410090000
941911011441000000
941944009444000000
944090119449000000
949094190119910409
990044900100000000
990999941904040000
991109090410944400
994009000000000000
994009001994000001
994009019940000100
994009199400010000
994010994001000000
994400919444040900
999000449900010000
999014101119011041
999099104994401401
999190449909190449
999400090000000000
999400091999400001
999400109994000100
999900004499900001
999940000900000000
999994000009000000
999999400000090000
999999940000000900
999999994000000009
1000000000000000000
1000000004000000004
1000000014000000049
1000000040000000400
1000000140000004900
1000000194000009409
1000000400000040000
1000001400000490000
1000001940000940900
1000001994000994009
1000004000004000000
1000014000049000000
1000019400094090000
1000019940099400900
1000019994099940009
1000040000400000000
1000040494409941009
1000091904111494401
1000100000499900001
1000140004900000000
1000194009409000000
1000194011409194001
1000199011900449001
1000199409940090000
1000199949994000900
1000400040000000000
1001000049900010000
1001111004411401104
1001400490000000000
1001940940900000000
1001941141094010000
1001991010044900100
1001994091109909401
1001994994009000000
1004004000000000000
1004010010004994001
1004044100440400100
1004119091014090041
1004491011004140100
1004499049009000000
1009010409941990404
1010004900100000000
1010010909949140100
1010044499104109401
1010144094000444001
1010419400494440000
1010901190149944041
1011010140100000000
1011040099901990404
1011490419149440000
1014049000000000000
1014191999041000000
1014999111449119449
1019019990011040000
1019041190909441401
1019110440100000000
1019140119910090000
1019190094014401401
1019191404410010000
1019414401994449444
1019494090000000000
1019494110194000100
1019990011944911401
1040400000000000000
1040400410040040401
1040401940040904401
1040404100404040100
1040419400490440100
1040441004404010000
1040904900041400900
1041010049401000000
1041104941410941001
1041110041104000000
1041409044940140100
1041949444419044001
1044114990441941401
1049090111001000000
1049190490000000000
1090040400411900001
1091001140100000000
1091411104911400441
1091910491901944100
1094141104144000000
1094911104400000000
1099499044900000000
1099991949001100100
1100401000000000000
1101041004011100100
1101109041999004900
1101110911919099041
1101910041944140900
1104110090414944900
1104194909910104100
1110490014044410000
1110494440000000000
1111490440999900900
1114449494490010000
1114491911911100100
1119044491991114049
1119104001019494400
1119110094400000000
1119444409444000000
1119911010491910400
1119944494040490000
1140119041419144900
1140410410000000000
1140940149904000000
1141049110010194009
1141499011404404041
1144140109410101904
1144900000000000000
1144900044940000441
1144900449400044100
1144904494004410000
1144941114049100944
1144944940441000000
1190010491011040400
1190094009944490000
1191940109401449409
1194109119009000000
1194419940040944100
1199904111009414409
1409910194109410449
1409914010404000000
1409990004900000000
1410999149419941904
1411414090494191001
1411999490940119104
1414194019004414404
1419109441190440000
1419490004009190400
1419491100119040400
1440000000000000000
1440940449499404100
1444441090911940900
1449004914014440000
1449110949141999049
1449941091000190009
1490904419414440900
1491011944900000000
1491041494940410000
1491090094404000000
1491999104004119104
1494011004940010041
1494140011440040000
1494144411904000000
1499110040400909049
1499400494900010000
1900999410941091904
1901109019010410000
1904400000000000000
1904910440999104900
1909099001941414144
1910011149914140900
1911014144441499904
1911109940041000000
1914001111091004100
1914104090001411049
1940141994944040000
1940449000000000000
1940999190414400900
1941490044911904400
1949011444900000000
1994940149001944004
4000000000000000000
4000000004000000001
4000000040000000100
4000000400000010000
4000004000001000000
4000040000100000000
4000400010000000000
4000400090004000400
4001000014494000144
4001190040499110144
4001194101104041009
4001414004941040900
4004001000000000000
4004009004004000000
4004041100140400400
4009411101049040449
4010001444001440000
4011400111104000000
4014441010449000000
4019191444414094400
4040094400141940449
4040100000000000000
4040100410040010404
4040104100401040400
4040141004104040000
4040904040000000000
4040909990194190400
4041414494144149444
4044449411011049104
4044940001101104400
4049010011111040000
4049094001409044900
4049411940949104900
4091919901411001401
4099010019041440000
4099410090000000000
4099410094049400001
4099410494940010000
4100144104949900049
4100901004044149904
4101040014000100900
4101111014400000000
4101449094900040900
4109114990404944100
4110090040494490000
4111040104900000000
4140004090000000000
4140411040000000000
4140940104900000000
4149114941101019044
4190414111910010000
4191909001191040000
4401090411994494409
4401100494400000000
4401499944010990401
4404940410049100100
4404940494000900100
4409941494194044900
4409994149401940449
4410000000000000000
4410000449400011449
4410004494001144900
4410044940114490000
4410449411449000000
4411004911441041001
4411194019010001441
4449100001149440400
4449449091104449441
4449909194941100944
4449999109904410000
4490044404900910144
4490110144144000000
4494090994111494400
4494400000000000000
4900910440000000000
4904000949104410000
4904140901941191001
4904144011141100401
4904199414414144100
4910490940411041049
4919190414019190401
4941101009114410009
4944041190400000000
4944441440994440004
4949491414049091009
4990441909009949401
4991491911194419401
4991991911901900409
4994041414119040000
4994090140404194404
9000000000000000000
9000900004499100009
9000900010499400004
9001499990494000144
9004140494104140009
9009000449100090000
9009001049400040000
9009040411111411449
9011101141094144400
9011499490941040900
9014104940044109409
9014944999104040000
9014999044001440000
9040110009941104900
9040991944101444441
9041449414140090000
9044440144041904900
9049091904904114449
9090044100900000000
9090104400400000000
9091111491911940100
9091491114944041444
9094019900111991441
9094149144410490000
9104041901044440100
9109441901499040000
9141401910104119044
9141404994049019904
9144440101944900900
9144999491910940441
9149094414009000000
9190900994904014400
9191911410944910400
9199014449011044100
9400094104104144100
9400919919441009444
9401491190109414400
9404999110400410000
9409494900100000000
9411090909199019044
9411494991449104009
9419941049044909009
9440191494101049444
9441090144914490000
9444444409014990400
9449001091411099009
9449494444009000000
9491014401001000000
9499910009110914409
9900041944990904100
9909904000000000000
9914419419914449449
9914941440000000000
9919414499904040000
9940044441040094404
9940140090419110441
9941409000000000000
9944990499910410000
10000444114140494400
10001404909100044944
10004411091011101444
10010199919444440004
10011990141094410000
10041010449141090409
10041190409901090049
10044494049914190441
10049099901194140900
10094091494400000000
10094404449499901001
10104914094990499009
10110411949000010404
10114009144009000000
10141919191044000000
10190440909009000000
10191090994940090041
10191404990404000000
10199194090400114944
10409400140144040000
10411909109001000000
10419919440100000000
10444401044110940449
10449191090940014449
10490991440400000000
10494114049444000000
10494191991044440900
10904004109090049409
10904194490414000400
10911094909001401104
10914904141949440000
10919919499040901904
10990909004949904144
10991049001941110404
10994090944141419409
10999404419491140004
11001001044110490000
11004091494411919401
11004194004049000000
11004911491991410449
11011140109094440000
11014409411901104400
11019094191904410000
11044911101991919009
11091944494940410000
11099141194401919044
11099141914014000900
11100109900004004049
11100490094904040000
11101901991190919041
11110199040940110400
11119100191110990400
11190949140094910404
11199109101049000000
11199994410199411441
11400499000400400004
11404490010911009401
11410990414004094001
11411119110011040000
11441010141100900441
11441999199441904900
11444114100199900900
11444990900910944400
11494940914190944144
11901001919141094400
11904149019111440400
11909194009919400100
11909401000000000000
11919411009404900001
11940100141114110001
11940404090901440400
11940411140100000000
11940494141114040100
11944194994044000900
11949900411110114401
11999004194414094400
14001490044141111009
14009111019900090000
14010049000000000000
14014414404144111409
14014904114014141009
14040009000000000000
14040091449109044004
14040101101411044100
14040119911419040000
14090199111419194404
14091014440000000000
14091990444900000000
14099949900100000000
14100009904904040100
14100100100100000000
14100104140491049444
14104199149091404441
14109409194400419904
14111141990400000000
14111491194941190400
14140990001114494441
14144019101114199049
14401941494941044004
14401949100100000000
14411400190409940004
14419144449010090449
14440000000000000000
14440109911409149444
14491991194491040000
14494010410000000000
14900140404900000000
14901144040000000000
14910409419404004900
14914144144400949009
14919001190401044100
14940449444414091049
14949011919910944100
14991199191409000000
14999199494400000000
19004911440494194944
19009004010111449104
19010109949019910400
19011419410491901449
19040044919011140049
19040109140911011904
19040199910491109009
19094444401144140900
19099490449041104400
19101401190404400400
19119491099411040900
19141190000419414041
19144991499001000000
19411441191199090944
19414041914491101409
19414111910444144100
19414994911900100100
19444009499110440000
19449090410409044100
19491001119401900449
19901414994440040000
19909444000000000000
19919491014000490000
19940199941114010000
19949914449499944100
19991091111144040000
19994491110400000000
19999900119444044944
40040411190994991401
40041441494419104100
40044944404994100100
40094990049019040100
40104990009099004900
40104990414401410404
40110404044004910144
40141094490000000000
40194104040199044441
40194111990411491904
40199404090000000000
40409049001140490441
40409094401499040000
40410419019994944144
40411449000000000000
40440141414044911449
40449141190901044900
40490104000144910400
40909499991099040900
40944910190041000000
40991109904900000000
40991404404404094001
40991490940004499049
40991949114109909444
40994044101441494449
41000944499140040100
41009099991999004944
41010910901199440041
41040011900004494400
41041410011449000000
41094411400149444100
41104094019001441444
41110111194940090944
41190914999901414400
41191904009094941041
41199000940194144100
41401490401119414049
41404014100944010000
41444110044100000000
41449144099914940900
41494919010191900100
41499000014914119001
41499001999041441409
41904911444040090000
41940000991144400400
41941994491019044900
41990400000000000000
44100000141400911409
44109494090044494400
44111909941410141009
44114141441194194049
44194900144404401001
44199911904140044900
44414410911094440441
44419099449910401441
44490404191094141049
44494900400911044100
44909941414144000000
44910100949909009409
44919044104409094400
49000000000000000000
49000000014000000001
49000000140000000100
49000001400000010000
49000014000001000000
49000140000100000000
49001400010000000000
49001400990014004900
49004199949994000100
49011041119901000449
49014001000000000000
49014099014049000000
49019411494099414404
49041994994001000000
49044000001119191104
49090441094140410000
49111011404040010000
49114909149044940100
49140100000000000000
49149914490000000000
49191000909440900409
49401499104400000000
49409041199900441049
49411041914911990041
49419494010000000000
49440941004149011009
49909100010999994944
49914419994190440000
49919919411100940100
49941111114111910144
49949414900100000000
49949994011909140900
49999041000000000000
90009444000909104100
90010000149094400400
90010419111400410000
90090010199004911001
90090199100444490000
90094414419910909009
90109019999444410000
90141494411090401444
90411191910400000000
90440004919044990001
90440100000000000000
90440101940040010404
90440119400401040400
90440441009901449041
90441049100490010000
90441444909199904100
90441944949409000000
90499094441441440000
90940044990001000000
90941914104409000000
91014149144009494404
91040904449444991001
91049491099004490000
91199994994901109409
91414114999114410000
91910104011914111001
91910410411914409441
91919199419990010000
94019111149019491009
94040010901444410000
94090000000000000000
94090000019400000001
94090000194000000100
94090001940000010000
94090019400001000000
94090194000100000000
94091940010000000000
94099144994199104400
94099914049141440400
94109401000000000000
94119044041009000000
94141110011499004041
94190910941490440401
94191101144100000000
94194109919100110049
94194400944400000000
94409011944900000000
94409400194409100441
94901111441949141904
94901119040491009444
94909419011991040900
94919909119144119409
94940441944104914404
94999004000914049001
99004490010000000000
99099994190404000000
99110909041094440000
99400900000000000000
99400900019940000001
99400900199400000100
99400901994000010000
99400919940001000000
99401099400100000000
99401199040404910009
99440091944404090000
99900044010490904401
99900044990001000000
99901410111901104100
99909910499440140100
99914111490014441104
99914904090991001401
99919044990919044900
99940009000000000000
99940009019994000001
99940009199940000100
99940010999400010000
99990000449990000100
99994000090000000000
99994000109999400001
99999400000900000000
99999940000009000000
99999994000000090000
99999999400000000900
99999999940000000009
100000000000000000000
100000000040000000004
100000000140000000049
100000000400000000400
100000001400000004900
100000001940000009409
100000004000000040000
100000014000000490000
100000019400000940900
100000019940000994009
100000040000004000000
100000140000049000000
100000194000094090000
100000199400099400900
100000199940099940009
100000400000400000000
100000404940409941009
100001400004900000000
100001940009409000000
100001994009940090000
100001999409994000900
100001999949999400009
100004000040000000000
100004049440994100900
100009190411149440100
100010000049990000100
100014000490000000000
100019400940900000000
100019401140919400100
100019901190044900100
100019940994009000000
100019941014010994001
100019994999400090000
100040004000000000000
100040404100404040001
100044949910101101049
100100004990001000000
100111100441140110400
100140049000000000000
100194094090000000000
100194094110019400001
100194114109401000000
100199101004490010000
100199409110990940100
100199499400900000000
100400400000000000000
100400440100044004001
100401001000499400100
100404410044040010000
100410401191009904401
100411909101409004100
100449101100414010000
100449904900900000000
100901040994199040400
100910441901109940401
100940104104191191009
101000490010000000000
101001090994914010000
101004449910410940100
101014409400044400100
101041940049444000000
101090119014994404100
101094991194491049001
101101014010000000000
101104009990199040400
101149041914944000000
101404900000000000000
101419014019019994441
101419199904100000000
101499041114414909001
101499911144911944900
101901999001104000000
101904119090944140100
101911044010000000000
101914011991009000000
101919009401440140100
101919140441001000000
101941440199444944400
101949409000000000000
101949411019400010000
101999001194491140100
101999914409499491401
104040000000000000000
104040004100400040401
104040019400400904401
104040041004004040100
104040194004090440100
104040410040404010000
104041940049044010000
104044040014419049444
104044100440401000000
104049011119909490944
104090490004140090000
104101004940100000000
104110494141094100100
104111004110400000000
104114104011919401409
104140904494014010000
104141000400110140401
104194099499941414404
104194944441904400100
104411499044194140100
104441140901010101904
104441199991004994049
104441994140901440409
104900909000941441441
104909011100100000000
104919049000000000000
109004040041190000100
109049910044914499049
109100114010000000000
109110914949404914441
109141110491140044100
109141991410104011401
109191049190194410000
109191494400004400409
109414110414400000000
109491110440000000000
109491494419941449104
109901000409110104401
109914041141009001009
109949904490000000000
109999194900110010000
110040100000000000000
110104100401110010000
110110904199900490000
110111091191909904100
110191004194414090000
110411009041494490000
110419490991010410000
110911909900940411904
110914011044940419449
111040100194109449104
111049001404441000000
111049444000000000000
111099919440990990409
111149044099990090000
111444949449001000000
111449191191110010000
111900491144004911104
111904449199111404900
111910400101949440000
111911009440000000000
111914941000919044041
111944440944400000000
111991101049191040000
111994449404049000000
114011904141914490000
114014110109410044004
114019449041409044004
114041041000000000000
114090490941004941444
114094014990400000000
114104911001019400900
114149901140440404100
114409919094000019009
114414010941010190400
114441914049901101049
114490000000000000000
114490000449400000441
114490004494000044100
114490044940004410000
114490449400441000000
114494111404910094400
114494400909491099904
114494494044100000000
119001049101104040000
119009400994449000000
119041001490040110009
119194010940144940900
119401901491904114944
119410911900900000000
119441994004094410000
119990411100941440900
140004401190940111401
140014011444919199449
140040491910144409444
140104099440104409009
140144009449410094144
140440444009111009449
140449000149040901409
140910419091014441401
140991019410941044900
140991401040400000000
140999000490000000000
141000094091401910401
141099914941994190400
141141409049419100100
141194400090444400144
141199194991400109001
141199949094011910400
141419401900441440400
141491114141144040009
141910944119044000000
141914140011909091044
141949000400919040000
141949110011904040000
144000000000000000000
144019440944119440144
144044401094141109409
144094044949940410000
144111009410009499001
144199944910049109904
144444109091194090000
144490440191941499044
144900491401444000000
144911094914199904900
144994109100019000900
149090441941444090000
149101194490000000000
149104149494041000000
149109009440400000000
149111149991044091904
149199910400411910400
149401100494001004100
149414001144004000000
149414441190400000000
149419190090100491001
149441444190449499001
149911004040090904900
149914449910191099904
149940049490001000000
190099941094109190400
190104444919490901409
190110901901041000000
190191114990199111441
190440000000000000000
190491044099910490000
190499011411140409041
190909900194141414400
191001114991414090000
191101414444149990400
191110994004100000000
191400111109100410000
191410409000141104900
191494499014904910049
194014199494404000000
194044900000000000000
194099919041440090000
194149004491190440000
194400109914910144144
194490914940104001444
194901144490000000000
194909101109190141444
194941999910990901409
199099440004990449409
199110444494909401444
199110941190100499044
199114091014009004001
199114994104904940001
199449091994909490409
199494014900194400400
400000000000000000000
400000000040000000001
400000000400000000100
400000004000000010000
400000040000001000000
400000400000100000000
400004000010000000000
400004000090000400004
400040001000000000000
400040009000400040000
400040401100104040004
400094949914010190449
400100001449400014400
400119004049911014400
400119410110404100900
400141400494104090000
400400100000000000000
400400140100041004004
400400900400400000000
400404110014040040000
400411919914190441104
400444419494401404409
400941110104904044900
401000144400144000000
401140011110400000000
401400040090904444041
401440194100900140004
401444101044900000000
401919144441409440000
404009191900004090404
404009440014194044900
404009944001401940449
404010000000000000000
404010004100400010404
404010041004001040400
404010410040104040000
404014100410404000000
404090404000000000000
404090999019419040000
404141449414414944400
404144090144019419401
404404000014099140449
404444941101104910400
404494000110110440000
404901001111104000000
404904101900419444401
404909400140904490000
404941194094910490000
404999101014041449444
409040104144000449409
409191990141100140100
409444101410409119044
409494449949011900944
409900400111904191044
409901001904144000000
409941009000000000000
409941009040494000001
409941009404940000100
409941049494001000000
410014410494990004900
410090100404414990400
410104001400010090000
410111101440000000000
410144909490004090000
410409149104091090041
410419044010419499449
410440000144409409409
410911499040494410000
410914049049140940004
411009004049449000000
411104010490000000000
411440494011991944049
411901901491094449009
414000409000000000000
414041104000000000000
414094010490000000000
414111104119099440001
414140001144199140001
414911494110101904400
419041411191001000000
419141499001914109444
419190900119104000000
419499994049491194009
440109041199449440900
440110049440000000000
440149994401099040100
440191041949149444009
440494041004910010000
440494049400090010000
440994149419404490000
440999414940194044900
440999941494001940449
441000000000000000000
441000004494000011449
441000044940001144900
441000449400114490000
441004404004994990449
441004494011449000000
441044941144900000000
441091401019419914404
441091449114404499009
441100491144104100100
441119401901000144100
441190101940404011001
444149190910101411904
444411911999914911441
444901941444144910441
444910000114944040000
444944909110444944100
444990101944111404004
444990919494110094400
444999910990441000000
449004440490091014400
449011014414400000000
449100090449949099001
449119000000004419449
449409099411149440000
449440000000000000000
490091044000000000000
490400094910441000000
490411411990090099441
490414090194119100100
490414401114110040100
490419941441414410000
491044404144404019001
491049094041104104900
491499994440019919104
